no.0|277|242|1
no.1|233|177|1
no.2|182|216|1
no.3|147|134|1
no.4|213|127|1
no.5|315|212|1
no.6|261|175|1
no.7|210|281|1
no.8|243|256|1
no.9|159|314|1
no.10|217|147|1
no.11|260|349|1
no.12|222|199|1
no.13|296|127|1
no.14|263|302|1
no.15|226|250|1
no.16|264|344|1
no.17|237|179|1
no.18|245|137|1
no.19|137|328|1
no.20|321|154|1
no.21|200|174|1
no.22|270|128|1
no.23|299|179|1
no.24|165|370|1
no.25|198|182|1
no.26|155|295|1
no.27|278|219|1
no.28|184|155|1
no.29|187|270|1
no.30|208|293|1
no.31|261|204|1
no.32|344|168|1
no.33|213|135|1
no.34|362|162|1
no.35|362|374|1
no.36|237|322|1
no.37|281|308|1
no.38|155|344|1
no.39|210|163|1
no.40|325|225|1
no.41|360|225|1
no.42|346|347|1
no.43|131|144|1
no.44|284|284|1
no.45|262|228|1
no.46|146|178|1
no.47|254|164|1
no.48|332|238|1
no.49|313|304|1
