no.0|139|103|1
no.1|166|99|1
no.2|88|74|1
no.3|174|139|1
no.4|128|109|1
no.5|175|179|1
no.6|62|82|1
no.7|178|87|1
no.8|121|77|1
no.9|125|97|1
no.10|73|84|1
no.11|69|97|1
no.12|122|159|1
no.13|66|69|1
no.14|111|118|1
no.15|165|86|1
no.16|71|83|1
no.17|163|162|1
no.18|67|132|1
no.19|121|152|1
no.20|68|150|1
no.21|138|124|1
no.22|141|105|1
no.23|183|122|1
no.24|171|63|1
no.25|101|64|1
no.26|103|95|1
no.27|110|107|1
no.28|184|158|1
no.29|85|97|1
no.30|86|92|1
no.31|127|155|1
no.32|92|147|1
no.33|106|97|1
no.34|177|108|1
no.35|164|150|1
no.36|68|84|1
no.37|62|151|1
no.38|123|134|1
no.39|158|178|1
no.40|70|140|1
no.41|173|117|1
no.42|147|136|1
no.43|141|145|1
no.44|84|164|1
no.45|144|141|1
no.46|92|103|1
no.47|156|98|1
no.48|160|111|1
no.49|127|131|1
