no.0|572|665|1
no.1|482|640|1
no.2|264|594|1
no.3|349|566|1
no.4|276|660|1
no.5|745|422|1
no.6|434|622|1
no.7|446|433|1
no.8|668|506|1
no.9|405|635|1
no.10|486|320|1
no.11|554|549|1
no.12|392|491|1
no.13|459|528|1
no.14|426|579|1
no.15|728|359|1
no.16|644|465|1
no.17|382|323|1
no.18|268|352|1
no.19|324|512|1
no.20|277|426|1
no.21|254|685|1
no.22|483|532|1
no.23|678|414|1
no.24|546|590|1
no.25|716|640|1
no.26|542|400|1
no.27|634|596|1
no.28|497|696|1
no.29|417|300|1
no.30|290|605|1
no.31|321|520|1
no.32|543|290|1
no.33|599|269|1
no.34|467|679|1
no.35|583|421|1
no.36|729|723|1
no.37|465|590|1
no.38|614|585|1
no.39|446|327|1
no.40|734|616|1
no.41|479|606|1
no.42|656|278|1
no.43|537|355|1
no.44|604|519|1
no.45|746|596|1
no.46|439|281|1
no.47|339|405|1
no.48|273|526|1
no.49|625|568|1
